14.933333333333334
27.666666666666668
14.766666666666667
31.233333333333334
33.266666666666666
9.433333333333334
9.333333333333334
9.433333333333334
9.433333333333334
9.866666666666667
10.933333333333334
16.166666666666668
12.733333333333333
15.433333333333334
15.866666666666667
11.6
14.4
20.033333333333335
22.5
43.46666666666667
43.6
28.366666666666667
25.4
97.66666666666667
130.1
135.36666666666667
133.96666666666667
127.46666666666667
181.86666666666667
198.53333333333333
173.5
141.5
134.03333333333333
164.23333333333332
144.8
167.1
156.73333333333332
149.0
146.83333333333334
152.13333333333333
14.733333333333333
128.16666666666666
125.6
102.23333333333333
155.46666666666667
172.03333333333333
143.23333333333332
139.33333333333334
193.73333333333332
157.3
199.9
171.4
150.5
200.0
200.0
199.93333333333334
200.0
200.0
200.0
200.0
200.0
200.0
200.0
200.0
200.0
200.0
200.0
200.0
200.0
