200.0
9.266666666666667
9.3
9.266666666666667
9.233333333333333
9.066666666666666
9.2
9.333333333333334
9.466666666666667
9.6
9.3
9.533333333333333
9.033333333333333
9.3
9.2
9.266666666666667
9.333333333333334
9.1
9.333333333333334
9.266666666666667
9.533333333333333
9.366666666666667
9.4
9.266666666666667
9.4
9.0
9.066666666666666
9.1
9.466666666666667
9.3
9.2
9.166666666666666
9.333333333333334
9.366666666666667
9.5
9.366666666666667
9.533333333333333
9.266666666666667
9.633333333333333
9.3
9.433333333333334
9.433333333333334
9.033333333333333
9.433333333333334
9.4
9.5
9.4
9.466666666666667
9.366666666666667
9.233333333333333
9.433333333333334
9.133333333333333
9.266666666666667
9.333333333333334
9.233333333333333
9.366666666666667
9.133333333333333
9.433333333333334
9.5
9.233333333333333
9.233333333333333
9.333333333333334
9.3
9.3
9.533333333333333
9.266666666666667
9.5
9.1
9.3
9.2
9.266666666666667
9.3
9.2
9.1
9.366666666666667
9.333333333333334
9.233333333333333
9.4
9.466666666666667
9.233333333333333
9.333333333333334
9.066666666666666
9.466666666666667
9.3
9.066666666666666
9.333333333333334
9.5
9.433333333333334
9.466666666666667
9.5
9.3
9.233333333333333
9.4
9.3
9.366666666666667
9.3
9.366666666666667
9.266666666666667
9.466666666666667
9.133333333333333
9.4
9.4
9.5
9.2
9.333333333333334
9.3
9.366666666666667
9.8
9.5
9.533333333333333
9.3
9.3
9.3
9.266666666666667
9.2
9.4
9.3
8.833333333333334
9.333333333333334
9.4
9.2
9.433333333333334
9.533333333333333
9.233333333333333
9.466666666666667
9.566666666666666
9.3
9.266666666666667
9.266666666666667
9.166666666666666
9.2
9.466666666666667
9.366666666666667
9.366666666666667
9.366666666666667
9.2
9.133333333333333
9.366666666666667
9.2
9.533333333333333
9.366666666666667
9.166666666666666
9.333333333333334
9.366666666666667
9.466666666666667
9.3
9.166666666666666
9.333333333333334
9.333333333333334
9.233333333333333
9.333333333333334
9.066666666666666
9.466666666666667
9.333333333333334
9.4
9.166666666666666
9.133333333333333
9.266666666666667
9.433333333333334
9.4
9.1
9.433333333333334
9.233333333333333
9.466666666666667
9.2
9.133333333333333
9.4
9.433333333333334
9.566666666666666
9.466666666666667
9.266666666666667
9.3
9.333333333333334
9.433333333333334
9.233333333333333
9.266666666666667
9.433333333333334
9.5
9.433333333333334
9.266666666666667
9.233333333333333
9.366666666666667
9.333333333333334
9.433333333333334
9.3
9.166666666666666
8.933333333333334
9.333333333333334
9.4
9.533333333333333
9.333333333333334
9.266666666666667
9.266666666666667
9.166666666666666
9.266666666666667
9.333333333333334
9.233333333333333
9.066666666666666
9.5
9.233333333333333
9.1
51.9
57.9
56.333333333333336
49.8
55.06666666666667
50.53333333333333
52.733333333333334
52.2
57.766666666666666
55.9
54.7
54.56666666666667
55.733333333333334
57.3
49.93333333333333
54.266666666666666
61.7
60.1
51.63333333333333
49.06666666666667
52.2
56.36666666666667
58.56666666666667
49.266666666666666
59.4
57.3
48.833333333333336
51.166666666666664
49.56666666666667
54.3
50.86666666666667
54.766666666666666
51.766666666666666
48.766666666666666
54.63333333333333
50.1
52.5
50.733333333333334
51.1
56.266666666666666
51.03333333333333
58.4
52.8
50.46666666666667
49.733333333333334
50.766666666666666
48.13333333333333
48.7
57.666666666666664
53.06666666666667
55.266666666666666
53.63333333333333
52.833333333333336
55.6
54.56666666666667
52.56666666666667
48.1
50.4
56.63333333333333
59.833333333333336
49.9
53.733333333333334
55.03333333333333
57.96666666666667
49.333333333333336
56.93333333333333
49.96666666666667
53.43333333333333
53.766666666666666
54.36666666666667
50.0
57.6
57.2
50.733333333333334
53.2
50.8
51.833333333333336
53.733333333333334
51.8
50.9
50.53333333333333
50.1
48.86666666666667
61.266666666666666
49.56666666666667
51.333333333333336
54.833333333333336
52.53333333333333
54.7
48.46666666666667
50.2
48.96666666666667
55.766666666666666
60.06666666666667
52.86666666666667
58.63333333333333
55.93333333333333
55.333333333333336
54.6
51.06666666666667
47.06666666666667
53.3
56.53333333333333
52.53333333333333
53.4
56.46666666666667
55.5
52.0
47.86666666666667
53.6
51.766666666666666
53.13333333333333
48.4
51.5
52.43333333333333
57.4
54.0
53.166666666666664
51.833333333333336
49.46666666666667
53.36666666666667
56.333333333333336
61.2
55.766666666666666
55.43333333333333
54.53333333333333
55.63333333333333
51.46666666666667
50.1
57.233333333333334
51.36666666666667
52.733333333333334
54.666666666666664
53.36666666666667
59.56666666666667
54.1
48.86666666666667
52.93333333333333
55.36666666666667
52.233333333333334
54.3
51.36666666666667
55.666666666666664
51.333333333333336
49.43333333333333
57.43333333333333
53.2
53.56666666666667
54.766666666666666
56.13333333333333
56.06666666666667
52.666666666666664
51.1
49.666666666666664
56.233333333333334
50.9
51.5
57.1
51.56666666666667
50.36666666666667
55.3
57.03333333333333
52.03333333333333
54.5
51.93333333333333
52.13333333333333
53.666666666666664
55.266666666666666
55.03333333333333
57.06666666666667
54.03333333333333
60.6
53.3
49.766666666666666
49.03333333333333
56.96666666666667
55.233333333333334
50.36666666666667
50.666666666666664
52.1
53.766666666666666
49.63333333333333
53.2
44.733333333333334
53.56666666666667
56.2
56.43333333333333
53.13333333333333
56.13333333333333
49.06666666666667
52.6
55.06666666666667
55.93333333333333
53.766666666666666
53.166666666666664
56.56666666666667
51.93333333333333
47.93333333333333
51.86666666666667
51.666666666666664
9.066666666666666
9.433333333333334
9.266666666666667
9.233333333333333
9.466666666666667
9.266666666666667
9.366666666666667
9.6
9.533333333333333
9.066666666666666
9.1
9.166666666666666
9.266666666666667
9.333333333333334
9.333333333333334
9.266666666666667
9.4
9.1
9.166666666666666
9.3
9.5
9.266666666666667
9.4
9.3
9.2
9.2
9.5
9.333333333333334
9.266666666666667
9.2
9.4
9.433333333333334
9.3
9.433333333333334
9.1
9.166666666666666
9.266666666666667
9.266666666666667
9.366666666666667
9.3
9.166666666666666
9.033333333333333
9.233333333333333
9.3
9.2
9.333333333333334
9.133333333333333
8.966666666666667
9.066666666666666
9.4
9.433333333333334
9.2
9.3
9.2
9.166666666666666
9.3
9.233333333333333
9.0
9.133333333333333
9.066666666666666
9.2
9.433333333333334
9.2
9.3
9.233333333333333
9.333333333333334
9.266666666666667
9.166666666666666
9.066666666666666
9.166666666666666
9.266666666666667
9.066666666666666
9.466666666666667
9.4
9.166666666666666
9.366666666666667
9.266666666666667
9.233333333333333
9.266666666666667
9.233333333333333
9.033333333333333
9.3
9.4
9.233333333333333
9.133333333333333
9.133333333333333
8.9
9.233333333333333
9.266666666666667
9.166666666666666
9.1
8.933333333333334
9.333333333333334
9.166666666666666
9.2
9.333333333333334
8.866666666666667
9.333333333333334
9.366666666666667
9.3
9.0
9.1
9.166666666666666
9.2
8.833333333333334
9.266666666666667
9.133333333333333
9.4
9.1
9.333333333333334
9.0
9.3
9.366666666666667
8.933333333333334
9.1
9.5
9.333333333333334
9.066666666666666
9.366666666666667
9.0
9.233333333333333
9.133333333333333
9.133333333333333
9.166666666666666
9.433333333333334
9.066666666666666
9.366666666666667
9.066666666666666
9.166666666666666
9.366666666666667
9.366666666666667
9.166666666666666
9.233333333333333
9.2
8.933333333333334
9.2
9.366666666666667
9.3
9.066666666666666
9.3
9.4
9.233333333333333
9.366666666666667
9.2
9.233333333333333
9.1
9.4
9.166666666666666
9.233333333333333
9.366666666666667
9.333333333333334
9.133333333333333
9.233333333333333
9.3
9.1
9.266666666666667
9.333333333333334
9.2
9.3
9.266666666666667
8.866666666666667
9.4
9.266666666666667
9.033333333333333
9.166666666666666
9.133333333333333
9.366666666666667
9.2
9.233333333333333
9.1
9.266666666666667
9.2
8.866666666666667
8.966666666666667
9.1
9.566666666666666
9.133333333333333
9.0
9.266666666666667
9.133333333333333
9.066666666666666
9.166666666666666
9.333333333333334
8.866666666666667
9.233333333333333
9.266666666666667
9.166666666666666
9.1
9.366666666666667
9.2
9.1
9.266666666666667
9.5
9.0
9.5
9.1
9.133333333333333
9.166666666666666
9.133333333333333
9.433333333333334
9.0
8.8
9.266666666666667
9.466666666666667
9.433333333333334
9.3
9.066666666666666
9.233333333333333
9.233333333333333
9.3
9.133333333333333
8.9
9.166666666666666
9.133333333333333
9.133333333333333
9.133333333333333
9.233333333333333
9.5
9.2
9.3
9.2
9.333333333333334
9.5
9.2
9.3
9.2
9.1
9.5
9.3
9.3
9.366666666666667
9.033333333333333
9.366666666666667
9.166666666666666
9.2
9.433333333333334
9.166666666666666
9.4
9.2
9.333333333333334
9.133333333333333
9.233333333333333
9.066666666666666
9.4
89.86666666666666
98.53333333333333
88.93333333333334
94.2
97.16666666666667
91.73333333333333
90.46666666666667
96.03333333333333
87.6
91.56666666666666
91.93333333333334
97.06666666666666
93.16666666666667
91.53333333333333
96.26666666666667
88.66666666666667
92.16666666666667
90.26666666666667
88.4
99.4
96.66666666666667
96.56666666666666
96.33333333333333
85.6
91.16666666666667
91.26666666666667
95.86666666666666
89.1
85.63333333333334
88.03333333333333
89.8
90.6
88.0
91.06666666666666
93.06666666666666
91.43333333333334
85.66666666666667
91.9
88.7
93.5
92.93333333333334
89.8
89.2
89.73333333333333
88.33333333333333
92.7
92.96666666666667
90.0
91.73333333333333
95.66666666666667
87.36666666666666
93.8
96.8
95.16666666666667
92.76666666666667
89.53333333333333
91.43333333333334
87.03333333333333
89.43333333333334
88.76666666666667
96.5
86.83333333333333
97.93333333333334
89.5
85.36666666666666
83.76666666666667
91.8
88.93333333333334
100.2
95.93333333333334
93.2
93.2
95.1
88.46666666666667
95.23333333333333
90.23333333333333
88.96666666666667
96.16666666666667
92.8
93.43333333333334
94.06666666666666
89.23333333333333
93.03333333333333
89.86666666666666
91.56666666666666
91.83333333333333
92.26666666666667
95.5
97.5
97.7
98.03333333333333
94.83333333333333
88.4
88.83333333333333
86.66666666666667
88.0
90.96666666666667
89.3
96.3
93.6
89.7
90.86666666666666
96.2
90.3
89.63333333333334
99.33333333333333
93.3
93.2
92.43333333333334
86.0
92.2
89.93333333333334
89.76666666666667
91.53333333333333
89.7
90.2
91.46666666666667
93.7
90.2
92.26666666666667
100.43333333333334
93.33333333333333
92.8
93.66666666666667
88.13333333333334
87.16666666666667
89.86666666666666
90.46666666666667
97.6
87.26666666666667
93.3
94.96666666666667
90.73333333333333
87.26666666666667
94.6
96.66666666666667
86.4
89.03333333333333
89.26666666666667
90.4
95.7
90.16666666666667
96.2
91.9
93.36666666666666
90.73333333333333
94.93333333333334
88.0
93.23333333333333
90.9
98.1
88.0
91.16666666666667
92.36666666666666
90.26666666666667
92.13333333333334
92.5
96.83333333333333
92.33333333333333
93.13333333333334
95.03333333333333
88.53333333333333
86.83333333333333
90.86666666666666
92.86666666666666
96.3
95.96666666666667
90.03333333333333
94.36666666666666
89.63333333333334
93.06666666666666
90.86666666666666
94.93333333333334
93.66666666666667
89.93333333333334
92.6
89.23333333333333
88.16666666666667
88.23333333333333
90.13333333333334
87.93333333333334
92.6
94.4
91.56666666666666
95.1
88.96666666666667
89.03333333333333
97.43333333333334
90.93333333333334
94.56666666666666
95.86666666666666
93.4
83.26666666666667
91.83333333333333
88.73333333333333
90.76666666666667
91.06666666666666
89.63333333333334
87.26666666666667
89.36666666666666
9.066666666666666
9.233333333333333
9.266666666666667
9.1
9.266666666666667
9.033333333333333
9.333333333333334
9.633333333333333
9.333333333333334
9.333333333333334
9.2
9.033333333333333
9.166666666666666
8.966666666666667
9.266666666666667
9.233333333333333
9.133333333333333
9.233333333333333
9.333333333333334
8.966666666666667
9.566666666666666
9.233333333333333
9.433333333333334
9.166666666666666
9.466666666666667
9.233333333333333
9.233333333333333
9.166666666666666
9.6
9.033333333333333
9.3
9.233333333333333
9.3
9.3
9.233333333333333
9.566666666666666
9.333333333333334
9.233333333333333
9.033333333333333
9.133333333333333
9.466666666666667
9.5
9.233333333333333
9.3
9.233333333333333
9.066666666666666
9.233333333333333
9.4
9.3
9.166666666666666
9.333333333333334
9.166666666666666
9.166666666666666
9.4
9.333333333333334
9.366666666666667
9.233333333333333
9.2
9.033333333333333
9.366666666666667
9.133333333333333
9.3
9.3
9.133333333333333
9.133333333333333
9.133333333333333
9.233333333333333
9.4
9.2
9.133333333333333
9.1
9.333333333333334
9.233333333333333
9.066666666666666
9.2
9.266666666666667
9.3
8.966666666666667
9.166666666666666
9.233333333333333
9.366666666666667
9.2
9.0
9.233333333333333
9.366666666666667
9.333333333333334
9.166666666666666
9.533333333333333
9.2
9.333333333333334
9.333333333333334
9.166666666666666
9.233333333333333
9.2
9.466666666666667
9.433333333333334
9.4
9.2
9.333333333333334
9.166666666666666
9.166666666666666
9.233333333333333
9.133333333333333
9.4
9.033333333333333
8.933333333333334
9.333333333333334
9.333333333333334
9.366666666666667
9.433333333333334
9.433333333333334
9.333333333333334
9.233333333333333
9.266666666666667
9.3
9.3
9.5
9.2
9.366666666666667
9.566666666666666
9.333333333333334
9.133333333333333
9.4
9.333333333333334
9.133333333333333
9.333333333333334
9.466666666666667
9.4
9.266666666666667
9.233333333333333
9.333333333333334
9.4
9.466666666666667
9.466666666666667
9.333333333333334
9.2
9.233333333333333
9.266666666666667
9.4
9.433333333333334
9.166666666666666
9.433333333333334
9.333333333333334
9.266666666666667
9.533333333333333
9.233333333333333
9.233333333333333
9.266666666666667
9.3
9.0
9.566666666666666
9.5
9.3
9.366666666666667
9.233333333333333
9.3
9.366666666666667
9.166666666666666
9.333333333333334
9.266666666666667
9.166666666666666
9.533333333333333
9.533333333333333
9.633333333333333
9.033333333333333
9.366666666666667
9.3
9.6
9.266666666666667
9.5
9.333333333333334
9.166666666666666
9.5
9.066666666666666
9.133333333333333
9.4
9.533333333333333
9.166666666666666
9.4
9.466666666666667
9.266666666666667
9.166666666666666
9.2
9.433333333333334
9.233333333333333
9.2
9.233333333333333
9.233333333333333
9.266666666666667
9.266666666666667
9.266666666666667
9.366666666666667
9.4
9.3
9.133333333333333
9.133333333333333
9.433333333333334
9.333333333333334
9.333333333333334
9.3
74.43333333333334
67.3
64.2
59.6
63.166666666666664
67.06666666666666
70.73333333333333
73.56666666666666
70.16666666666667
65.8
75.2
74.23333333333333
70.7
68.43333333333334
70.13333333333334
74.7
75.26666666666667
72.9
69.06666666666666
70.83333333333333
62.06666666666667
72.36666666666666
72.73333333333333
70.83333333333333
70.56666666666666
71.5
78.76666666666667
75.63333333333334
72.96666666666667
68.03333333333333
71.23333333333333
73.23333333333333
67.6
72.33333333333333
74.7
74.7
69.3
70.73333333333333
70.13333333333334
65.93333333333334
71.5
77.23333333333333
72.13333333333334
79.0
68.26666666666667
67.4
70.96666666666667
62.53333333333333
74.46666666666667
61.8
70.06666666666666
70.96666666666667
70.66666666666667
63.96666666666667
71.26666666666667
70.03333333333333
75.63333333333334
69.0
67.43333333333334
64.03333333333333
64.73333333333333
68.13333333333334
66.63333333333334
68.86666666666666
74.86666666666666
67.5
67.8
72.23333333333333
77.8
71.43333333333334
75.16666666666667
68.53333333333333
80.06666666666666
78.63333333333334
70.86666666666666
69.4
73.43333333333334
74.63333333333334
70.9
73.76666666666667
73.86666666666666
68.16666666666667
69.13333333333334
70.13333333333334
70.26666666666667
63.4
79.56666666666666
71.26666666666667
76.23333333333333
74.1
74.53333333333333
69.2
73.93333333333334
71.1
73.03333333333333
68.3
64.56666666666666
68.2
69.73333333333333
66.53333333333333
67.53333333333333
73.93333333333334
68.46666666666667
71.33333333333333
70.23333333333333
76.33333333333333
70.7
76.5
67.03333333333333
66.03333333333333
69.6
73.03333333333333
71.8
66.96666666666667
72.33333333333333
65.5
69.83333333333333
71.16666666666667
72.43333333333334
66.83333333333333
80.13333333333334
72.9
69.73333333333333
70.7
68.33333333333333
75.16666666666667
67.03333333333333
71.63333333333334
68.5
75.2
70.36666666666666
70.3
71.83333333333333
67.93333333333334
75.0
66.73333333333333
69.06666666666666
70.9
74.16666666666667
76.73333333333333
71.5
76.3
75.13333333333334
74.3
75.76666666666667
78.6
81.1
72.46666666666667
74.43333333333334
73.56666666666666
73.7
70.53333333333333
70.9
75.53333333333333
72.7
65.36666666666666
73.66666666666667
73.7
70.46666666666667
82.83333333333333
72.0
70.36666666666666
72.8
70.23333333333333
65.96666666666667
71.56666666666666
75.36666666666666
65.6
69.7
76.53333333333333
75.73333333333333
71.93333333333334
70.73333333333333
70.73333333333333
61.36666666666667
72.53333333333333
69.6
71.53333333333333
69.13333333333334
70.2
74.13333333333334
71.66666666666667
72.9
67.23333333333333
71.4
68.16666666666667
75.26666666666667
68.5
72.4
68.6
70.56666666666666
67.9
74.66666666666667
71.56666666666666
70.06666666666666
77.53333333333333
76.06666666666666
71.93333333333334
74.6
76.53333333333333
71.1
77.66666666666667
70.7
70.5
60.2
49.5
65.66666666666667
55.36666666666667
63.166666666666664
61.53333333333333
66.83333333333333
55.4
64.43333333333334
59.733333333333334
60.36666666666667
56.4
68.1
51.93333333333333
60.266666666666666
66.7
57.666666666666664
52.3
65.26666666666667
68.1
53.266666666666666
48.0
60.43333333333333
55.13333333333333
56.7
55.266666666666666
56.4
53.4
58.733333333333334
61.46666666666667
56.8
60.2
66.3
59.8
60.266666666666666
67.0
52.666666666666664
60.7
57.93333333333333
51.333333333333336
57.1
44.666666666666664
53.46666666666667
48.03333333333333
70.33333333333333
55.43333333333333
55.733333333333334
51.43333333333333
66.76666666666667
62.36666666666667
71.26666666666667
52.86666666666667
54.1
44.93333333333333
59.766666666666666
56.7
58.733333333333334
53.0
63.5
58.733333333333334
61.53333333333333
53.96666666666667
55.06666666666667
59.1
60.666666666666664
59.7
55.0
54.63333333333333
48.56666666666667
60.86666666666667
66.4
55.8
70.26666666666667
51.56666666666667
50.96666666666667
60.9
62.06666666666667
55.6
53.36666666666667
54.766666666666666
62.96666666666667
59.266666666666666
59.166666666666664
72.33333333333333
52.9
54.06666666666667
56.166666666666664
51.333333333333336
64.1
50.46666666666667
56.6
56.266666666666666
62.43333333333333
56.13333333333333
62.0
55.6
52.2
55.1
57.5
50.266666666666666
68.23333333333333
52.86666666666667
54.9
58.6
53.6
50.56666666666667
67.43333333333334
53.6
59.7
52.0
57.53333333333333
66.13333333333334
63.766666666666666
58.2
61.3
62.9
63.5
58.93333333333333
66.9
49.6
71.23333333333333
61.93333333333333
56.2
75.33333333333333
65.66666666666667
60.13333333333333
67.3
51.56666666666667
56.233333333333334
65.86666666666666
54.43333333333333
48.9
59.03333333333333
64.2
62.2
65.8
57.166666666666664
50.36666666666667
52.53333333333333
61.96666666666667
61.53333333333333
53.166666666666664
65.9
72.73333333333333
55.233333333333334
47.93333333333333
65.33333333333333
54.06666666666667
49.0
53.43333333333333
56.766666666666666
66.8
63.333333333333336
51.46666666666667
63.53333333333333
58.86666666666667
67.4
53.4
46.13333333333333
60.166666666666664
64.9
57.9
60.3
59.56666666666667
59.4
58.43333333333333
60.4
64.5
59.0
60.233333333333334
57.3
60.56666666666667
62.2
56.733333333333334
54.86666666666667
60.03333333333333
65.13333333333334
61.36666666666667
60.93333333333333
55.9
57.43333333333333
59.6
74.3
61.5
53.03333333333333
60.333333333333336
61.4
56.733333333333334
56.13333333333333
57.266666666666666
56.53333333333333
58.03333333333333
52.6
50.2
64.36666666666666
58.233333333333334
61.53333333333333
59.5
55.03333333333333
69.23333333333333
34.6
30.666666666666668
31.866666666666667
31.366666666666667
34.233333333333334
31.666666666666668
31.666666666666668
32.333333333333336
32.833333333333336
34.766666666666666
33.166666666666664
32.733333333333334
30.433333333333334
33.86666666666667
35.666666666666664
31.966666666666665
31.233333333333334
35.766666666666666
33.4
33.8
34.233333333333334
32.6
35.2
34.1
33.13333333333333
35.3
30.533333333333335
33.46666666666667
34.233333333333334
34.56666666666667
31.766666666666666
33.36666666666667
32.7
32.4
33.93333333333333
34.53333333333333
31.466666666666665
34.266666666666666
33.03333333333333
35.266666666666666
35.4
32.03333333333333
35.5
34.266666666666666
36.46666666666667
31.533333333333335
36.0
31.7
34.166666666666664
35.333333333333336
35.833333333333336
34.766666666666666
32.9
32.266666666666666
34.6
31.566666666666666
31.9
33.1
32.733333333333334
33.233333333333334
33.9
31.033333333333335
36.06666666666667
32.13333333333333
34.1
32.96666666666667
33.3
32.06666666666667
34.4
34.5
29.866666666666667
31.7
31.7
33.4
32.4
32.63333333333333
32.833333333333336
36.6
33.9
35.13333333333333
33.8
31.966666666666665
32.03333333333333
32.266666666666666
33.266666666666666
33.766666666666666
36.93333333333333
34.53333333333333
32.96666666666667
33.166666666666664
32.666666666666664
34.333333333333336
32.2
32.43333333333333
36.2
33.9
34.733333333333334
33.13333333333333
34.1
33.46666666666667
31.7
33.9
31.0
34.53333333333333
32.36666666666667
36.166666666666664
35.1
31.666666666666668
32.63333333333333
33.233333333333334
32.36666666666667
32.5
34.233333333333334
32.96666666666667
33.666666666666664
33.13333333333333
33.43333333333333
33.5
32.06666666666667
33.5
33.733333333333334
35.86666666666667
32.233333333333334
32.13333333333333
34.166666666666664
35.2
35.166666666666664
30.433333333333334
34.43333333333333
32.766666666666666
33.1
35.333333333333336
33.86666666666667
33.63333333333333
31.9
31.133333333333333
32.46666666666667
33.86666666666667
31.0
33.8
35.5
36.166666666666664
33.06666666666667
35.1
34.733333333333334
32.63333333333333
37.06666666666667
35.63333333333333
35.13333333333333
34.06666666666667
35.7
35.166666666666664
32.333333333333336
30.8
31.866666666666667
32.5
31.166666666666668
32.03333333333333
33.43333333333333
29.966666666666665
32.666666666666664
30.733333333333334
34.06666666666667
32.1
34.266666666666666
32.06666666666667
35.666666666666664
32.233333333333334
33.1
30.8
32.03333333333333
31.433333333333334
36.36666666666667
32.63333333333333
31.366666666666667
35.53333333333333
35.96666666666667
33.93333333333333
32.266666666666666
35.7
32.63333333333333
34.833333333333336
32.06666666666667
33.86666666666667
33.7
33.833333333333336
34.4
33.46666666666667
30.833333333333332
33.06666666666667
29.433333333333334
35.3
31.2
35.46666666666667
36.7
33.3
34.13333333333333
34.93333333333333
33.7
33.233333333333334
9.1
9.1
9.4
8.966666666666667
8.9
9.2
9.066666666666666
9.266666666666667
9.0
9.066666666666666
9.233333333333333
9.133333333333333
9.166666666666666
9.166666666666666
9.2
9.033333333333333
9.266666666666667
9.033333333333333
9.1
8.966666666666667
9.333333333333334
9.2
9.266666666666667
8.966666666666667
9.233333333333333
8.833333333333334
9.2
9.1
9.2
9.133333333333333
9.433333333333334
9.333333333333334
8.8
8.9
9.033333333333333
9.166666666666666
9.666666666666666
9.333333333333334
9.133333333333333
9.166666666666666
9.266666666666667
9.3
9.1
9.066666666666666
8.833333333333334
9.033333333333333
9.1
8.966666666666667
9.1
9.1
9.0
9.2
8.833333333333334
9.2
9.366666666666667
9.533333333333333
9.266666666666667
9.1
9.233333333333333
9.066666666666666
9.066666666666666
9.2
9.166666666666666
9.066666666666666
9.266666666666667
9.2
9.133333333333333
9.166666666666666
8.9
9.133333333333333
9.233333333333333
9.3
9.333333333333334
9.066666666666666
8.966666666666667
9.2
9.4
9.133333333333333
9.2
9.166666666666666
9.133333333333333
9.2
9.266666666666667
9.166666666666666
9.3
9.2
9.233333333333333
9.333333333333334
9.0
9.366666666666667
9.0
9.333333333333334
8.933333333333334
9.233333333333333
9.2
9.133333333333333
9.0
9.2
9.133333333333333
9.0
9.2
9.233333333333333
9.3
9.033333333333333
9.066666666666666
9.3
9.066666666666666
9.2
9.066666666666666
9.2
9.4
9.366666666666667
9.333333333333334
9.2
9.133333333333333
9.466666666666667
9.4
9.2
9.166666666666666
9.2
9.133333333333333
9.266666666666667
9.066666666666666
9.033333333333333
9.2
9.066666666666666
9.233333333333333
9.1
9.266666666666667
8.833333333333334
9.066666666666666
9.233333333333333
9.066666666666666
8.933333333333334
9.0
9.033333333333333
9.066666666666666
9.033333333333333
9.0
8.933333333333334
9.266666666666667
9.1
8.966666666666667
9.433333333333334
9.0
9.166666666666666
9.233333333333333
9.166666666666666
9.333333333333334
9.166666666666666
9.066666666666666
9.166666666666666
9.133333333333333
9.1
9.033333333333333
9.2
9.066666666666666
9.0
8.9
9.233333333333333
9.133333333333333
9.4
9.1
9.0
9.133333333333333
9.233333333333333
9.266666666666667
9.133333333333333
9.166666666666666
8.933333333333334
9.1
9.333333333333334
9.3
9.133333333333333
9.033333333333333
9.1
9.2
9.3
9.266666666666667
9.5
9.1
9.233333333333333
9.1
9.133333333333333
9.1
9.1
9.3
9.066666666666666
9.066666666666666
9.166666666666666
8.966666666666667
9.066666666666666
9.466666666666667
9.1
9.033333333333333
9.266666666666667
9.0
9.0
9.4
9.366666666666667
9.666666666666666
9.566666666666666
9.433333333333334
9.333333333333334
9.466666666666667
9.4
9.233333333333333
9.433333333333334
9.333333333333334
9.466666666666667
9.666666666666666
9.333333333333334
9.466666666666667
9.333333333333334
9.633333333333333
9.2
9.1
9.566666666666666
9.166666666666666
9.433333333333334
9.4
9.666666666666666
9.266666666666667
9.6
9.266666666666667
9.433333333333334
9.4
9.366666666666667
9.433333333333334
9.133333333333333
9.4
9.466666666666667
9.366666666666667
9.466666666666667
9.266666666666667
9.433333333333334
9.333333333333334
9.266666666666667
9.2
9.3
9.333333333333334
9.466666666666667
9.5
9.466666666666667
9.6
9.3
9.5
9.3
9.533333333333333
9.566666666666666
9.366666666666667
9.466666666666667
9.4
9.533333333333333
8.933333333333334
9.5
9.633333333333333
9.266666666666667
9.633333333333333
9.266666666666667
9.4
9.233333333333333
9.166666666666666
9.266666666666667
9.466666666666667
9.433333333333334
9.133333333333333
9.366666666666667
9.366666666666667
9.333333333333334
9.433333333333334
9.333333333333334
9.533333333333333
9.466666666666667
9.466666666666667
9.466666666666667
9.533333333333333
9.466666666666667
9.533333333333333
9.733333333333333
9.366666666666667
9.566666666666666
9.3
9.366666666666667
9.366666666666667
9.466666666666667
9.5
9.3
9.7
9.633333333333333
9.3
9.533333333333333
9.366666666666667
9.2
9.433333333333334
9.733333333333333
9.233333333333333
9.633333333333333
9.4
9.433333333333334
9.366666666666667
9.266666666666667
9.3
9.3
9.6
9.3
9.4
9.633333333333333
9.6
9.433333333333334
9.533333333333333
9.433333333333334
9.3
9.266666666666667
9.266666666666667
9.466666666666667
9.2
9.5
9.4
9.266666666666667
9.233333333333333
9.633333333333333
9.533333333333333
9.233333333333333
9.633333333333333
9.5
9.4
9.7
9.266666666666667
9.4
9.5
9.366666666666667
9.533333333333333
9.6
9.5
9.333333333333334
9.366666666666667
9.333333333333334
9.4
9.466666666666667
9.333333333333334
9.333333333333334
9.566666666666666
9.233333333333333
9.466666666666667
9.3
9.5
9.433333333333334
9.466666666666667
9.5
9.5
9.266666666666667
9.4
9.4
9.266666666666667
9.333333333333334
9.5
9.3
9.4
9.433333333333334
9.166666666666666
9.133333333333333
9.266666666666667
9.333333333333334
9.466666666666667
9.466666666666667
9.433333333333334
9.5
9.166666666666666
9.5
9.033333333333333
9.433333333333334
9.266666666666667
9.3
9.2
9.4
9.3
9.433333333333334
9.4
9.5
9.266666666666667
9.366666666666667
9.2
9.6
9.333333333333334
9.266666666666667
9.1
9.4
9.433333333333334
9.366666666666667
9.4
9.233333333333333
9.566666666666666
9.133333333333333
9.433333333333334
9.3
9.366666666666667
9.433333333333334
9.4
9.633333333333333
17.433333333333334
22.0
17.5
17.833333333333332
20.566666666666666
21.133333333333333
17.666666666666668
19.366666666666667
18.0
17.366666666666667
19.8
19.9
17.866666666666667
21.6
21.133333333333333
21.5
21.833333333333332
14.3
17.366666666666667
17.333333333333332
19.533333333333335
19.0
18.033333333333335
18.0
21.033333333333335
15.3
20.733333333333334
19.566666666666666
17.233333333333334
22.366666666666667
17.266666666666666
21.633333333333333
22.4
17.433333333333334
17.266666666666666
19.4
19.166666666666668
18.166666666666668
21.333333333333332
20.066666666666666
20.466666666666665
17.6
21.066666666666666
21.733333333333334
18.766666666666666
18.0
19.433333333333334
18.833333333333332
20.333333333333332
20.7
22.133333333333333
22.333333333333332
18.5
20.633333333333333
20.766666666666666
17.133333333333333
19.0
16.933333333333334
20.233333333333334
20.933333333333334
18.1
20.0
17.366666666666667
21.133333333333333
18.933333333333334
22.833333333333332
22.3
17.5
22.533333333333335
20.2
22.633333333333333
19.233333333333334
17.233333333333334
17.566666666666666
17.666666666666668
17.666666666666668
19.533333333333335
23.1
23.033333333333335
21.366666666666667
19.4
17.866666666666667
22.933333333333334
19.3
18.833333333333332
18.466666666666665
22.633333333333333
17.9
20.133333333333333
17.366666666666667
22.633333333333333
19.033333333333335
18.3
20.0
21.5
20.933333333333334
17.666666666666668
16.633333333333333
22.866666666666667
18.533333333333335
17.566666666666666
21.766666666666666
20.266666666666666
17.9
18.633333333333333
18.033333333333335
18.866666666666667
23.866666666666667
20.666666666666668
17.166666666666668
19.166666666666668
17.166666666666668
17.1
20.5
17.066666666666666
17.766666666666666
17.566666666666666
17.5
19.066666666666666
19.0
20.0
20.433333333333334
21.466666666666665
17.066666666666666
21.833333333333332
21.133333333333333
19.9
18.733333333333334
19.666666666666668
17.366666666666667
17.866666666666667
16.033333333333335
21.5
20.9
22.1
21.266666666666666
21.066666666666666
18.366666666666667
18.433333333333334
23.433333333333334
21.466666666666665
18.366666666666667
20.066666666666666
22.566666666666666
21.766666666666666
20.166666666666668
19.266666666666666
18.433333333333334
16.5
19.5
20.6
18.633333333333333
18.433333333333334
20.2
20.0
20.433333333333334
19.4
21.8
22.633333333333333
20.233333333333334
19.433333333333334
18.766666666666666
22.0
17.133333333333333
20.466666666666665
16.433333333333334
15.733333333333333
19.833333333333332
16.5
17.733333333333334
18.966666666666665
20.3
20.633333333333333
19.4
17.0
16.866666666666667
17.333333333333332
22.4
22.3
17.433333333333334
19.333333333333332
23.066666666666666
20.8
25.166666666666668
22.033333333333335
18.7
20.566666666666666
19.766666666666666
21.133333333333333
21.533333333333335
22.2
20.666666666666668
20.766666666666666
18.433333333333334
17.4
22.1
19.6
23.2
16.466666666666665
18.833333333333332
17.3
18.433333333333334
17.133333333333333
19.466666666666665
19.4
19.233333333333334
18.7
17.666666666666668
17.833333333333332
18.166666666666668
17.0
20.0
18.6
19.366666666666667
18.633333333333333
18.666666666666668
18.033333333333335
17.7
18.7
18.3
19.566666666666666
18.2
17.8
18.033333333333335
18.2
17.666666666666668
19.166666666666668
18.1
17.966666666666665
18.066666666666666
17.233333333333334
18.2
18.8
18.3
16.433333333333334
19.0
18.233333333333334
17.466666666666665
17.8
17.366666666666667
17.166666666666668
19.133333333333333
18.066666666666666
19.166666666666668
21.1
20.066666666666666
18.133333333333333
16.9
17.833333333333332
19.266666666666666
17.933333333333334
17.4
18.566666666666666
17.966666666666665
18.366666666666667
20.233333333333334
19.0
18.8
18.0
18.7
19.233333333333334
19.033333333333335
19.133333333333333
18.266666666666666
17.433333333333334
18.9
18.066666666666666
19.533333333333335
20.433333333333334
19.933333333333334
20.966666666666665
18.366666666666667
18.033333333333335
17.2
18.733333333333334
19.2
16.166666666666668
17.9
18.233333333333334
19.366666666666667
19.333333333333332
17.933333333333334
18.333333333333332
18.633333333333333
19.833333333333332
18.666666666666668
18.466666666666665
17.7
19.1
17.866666666666667
17.833333333333332
19.133333333333333
18.533333333333335
15.966666666666667
19.6
19.133333333333333
17.833333333333332
18.866666666666667
20.066666666666666
18.233333333333334
17.633333333333333
20.166666666666668
20.466666666666665
18.3
17.0
16.7
17.166666666666668
16.866666666666667
18.133333333333333
17.333333333333332
18.2
19.766666666666666
17.466666666666665
18.6
18.166666666666668
19.233333333333334
18.733333333333334
18.633333333333333
19.533333333333335
19.133333333333333
18.066666666666666
18.9
17.566666666666666
17.333333333333332
16.933333333333334
18.3
18.133333333333333
16.633333333333333
19.866666666666667
18.433333333333334
18.266666666666666
19.766666666666666
19.2
17.4
17.866666666666667
18.466666666666665
17.533333333333335
16.7
19.366666666666667
18.0
20.266666666666666
18.366666666666667
18.233333333333334
19.233333333333334
16.2
17.633333333333333
18.8
18.833333333333332
18.133333333333333
18.4
18.733333333333334
18.266666666666666
18.866666666666667
17.533333333333335
17.166666666666668
20.066666666666666
20.466666666666665
17.633333333333333
16.333333333333332
19.8
20.366666666666667
17.4
18.333333333333332
19.033333333333335
17.533333333333335
17.866666666666667
17.533333333333335
17.4
19.566666666666666
18.533333333333335
18.133333333333333
16.866666666666667
16.866666666666667
18.733333333333334
19.066666666666666
17.466666666666665
18.6
17.966666666666665
18.266666666666666
18.333333333333332
19.433333333333334
19.433333333333334
17.433333333333334
19.566666666666666
20.133333333333333
17.1
18.666666666666668
20.2
18.9
20.166666666666668
18.966666666666665
17.6
17.8
16.266666666666666
16.533333333333335
17.566666666666666
17.8
19.633333333333333
18.666666666666668
17.5
8.933333333333334
9.166666666666666
8.933333333333334
9.466666666666667
9.2
9.133333333333333
9.4
9.333333333333334
9.566666666666666
8.9
9.166666666666666
9.0
8.9
9.0
9.4
9.3
9.266666666666667
9.433333333333334
9.433333333333334
9.133333333333333
9.166666666666666
9.3
9.6
9.3
9.633333333333333
9.033333333333333
9.333333333333334
8.966666666666667
9.5
9.233333333333333
9.133333333333333
8.966666666666667
9.266666666666667
9.566666666666666
9.366666666666667
9.166666666666666
9.133333333333333
9.133333333333333
9.3
9.466666666666667
8.8
8.8
9.066666666666666
9.533333333333333
9.366666666666667
9.333333333333334
9.266666666666667
9.3
9.266666666666667
9.133333333333333
9.266666666666667
9.133333333333333
9.1
9.2
8.933333333333334
8.866666666666667
9.2
8.833333333333334
9.066666666666666
9.0
9.5
9.233333333333333
9.433333333333334
9.366666666666667
9.5
9.1
9.4
9.033333333333333
9.233333333333333
9.533333333333333
9.033333333333333
9.433333333333334
9.3
9.8
10.0
9.533333333333333
9.666666666666666
9.4
9.333333333333334
9.166666666666666
8.866666666666667
8.966666666666667
9.466666666666667
9.333333333333334
8.766666666666667
9.0
9.2
8.966666666666667
9.3
9.666666666666666
9.3
9.3
9.033333333333333
9.633333333333333
9.1
9.2
9.433333333333334
9.233333333333333
9.066666666666666
9.0
9.133333333333333
9.3
9.2
9.233333333333333
9.166666666666666
8.833333333333334
8.833333333333334
9.366666666666667
9.266666666666667
8.9
8.9
9.2
9.3
8.966666666666667
9.1
9.3
9.233333333333333
9.3
9.233333333333333
9.5
9.333333333333334
9.533333333333333
9.4
9.466666666666667
8.833333333333334
9.4
9.033333333333333
9.233333333333333
8.866666666666667
9.5
9.366666666666667
9.3
9.166666666666666
9.766666666666667
8.9
9.3
9.2
9.4
9.3
9.2
9.333333333333334
9.0
8.9
9.1
9.033333333333333
9.166666666666666
8.9
8.933333333333334
9.466666666666667
8.966666666666667
9.366666666666667
9.5
9.1
9.1
9.1
9.633333333333333
9.033333333333333
9.3
9.5
9.6
9.2
9.366666666666667
9.866666666666667
9.033333333333333
9.8
9.133333333333333
9.133333333333333
9.1
9.233333333333333
9.2
9.4
9.266666666666667
9.4
9.2
9.733333333333333
9.2
9.266666666666667
9.266666666666667
8.866666666666667
8.933333333333334
9.1
9.1
9.2
9.0
9.3
9.266666666666667
9.133333333333333
9.1
8.833333333333334
9.2
9.466666666666667
8.933333333333334
9.3
9.133333333333333
9.4
8.966666666666667
9.466666666666667
8.866666666666667
9.266666666666667
9.466666666666667
9.366666666666667
9.133333333333333
9.1
9.4
9.166666666666666
9.466666666666667
9.366666666666667
9.2
9.2
9.266666666666667
9.133333333333333
9.133333333333333
9.3
9.233333333333333
9.266666666666667
8.933333333333334
9.3
9.066666666666666
8.966666666666667
9.066666666666666
9.3
9.233333333333333
9.3
8.966666666666667
9.066666666666666
9.166666666666666
9.166666666666666
9.133333333333333
9.233333333333333
9.133333333333333
9.2
9.266666666666667
9.1
9.333333333333334
9.333333333333334
9.166666666666666
9.166666666666666
9.3
9.166666666666666
9.366666666666667
9.4
9.166666666666666
9.033333333333333
9.366666666666667
9.1
8.866666666666667
9.066666666666666
9.166666666666666
9.4
9.066666666666666
9.233333333333333
9.233333333333333
9.066666666666666
9.333333333333334
9.233333333333333
9.1
9.3
9.4
9.3
9.3
9.166666666666666
9.6
9.4
9.3
9.266666666666667
9.3
9.033333333333333
8.966666666666667
9.466666666666667
9.4
9.333333333333334
9.2
9.133333333333333
9.233333333333333
9.166666666666666
9.166666666666666
9.2
9.366666666666667
9.133333333333333
9.1
9.033333333333333
9.233333333333333
9.266666666666667
9.4
9.266666666666667
8.933333333333334
9.3
9.466666666666667
9.033333333333333
9.266666666666667
9.2
9.2
9.133333333333333
9.2
9.266666666666667
9.266666666666667
9.333333333333334
9.233333333333333
9.3
9.266666666666667
9.2
8.866666666666667
9.066666666666666
9.1
9.066666666666666
9.166666666666666
9.166666666666666
9.066666666666666
9.133333333333333
8.933333333333334
9.233333333333333
9.2
9.366666666666667
8.966666666666667
9.266666666666667
9.266666666666667
9.3
9.166666666666666
9.266666666666667
9.166666666666666
8.966666666666667
8.966666666666667
9.3
9.1
9.266666666666667
9.2
9.366666666666667
9.033333333333333
9.266666666666667
9.1
9.2
9.366666666666667
9.533333333333333
9.166666666666666
9.3
9.166666666666666
9.1
8.9
9.066666666666666
9.266666666666667
9.033333333333333
9.133333333333333
9.166666666666666
9.233333333333333
9.2
9.333333333333334
9.133333333333333
9.233333333333333
9.266666666666667
9.3
9.2
9.133333333333333
9.3
9.0
9.4
9.133333333333333
9.233333333333333
9.033333333333333
9.433333333333334
9.033333333333333
9.333333333333334
9.2
9.266666666666667
9.0
9.166666666666666
9.066666666666666
9.133333333333333
9.266666666666667
9.133333333333333
9.1
9.0
9.266666666666667
9.0
9.266666666666667
9.266666666666667
9.1
9.133333333333333
9.266666666666667
8.933333333333334
9.333333333333334
9.166666666666666
9.2
9.3
9.2
9.4
9.2
9.233333333333333
9.233333333333333
9.3
9.2
9.333333333333334
9.366666666666667
9.433333333333334
9.1
9.166666666666666
9.133333333333333
9.333333333333334
9.3
9.2
9.333333333333334
9.233333333333333
9.233333333333333
9.2
9.5
9.3
9.333333333333334
9.333333333333334
9.5
9.033333333333333
9.233333333333333
9.3
9.233333333333333
9.4
9.4
9.433333333333334
9.4
9.133333333333333
9.233333333333333
9.233333333333333
9.366666666666667
9.433333333333334
9.333333333333334
9.266666666666667
9.3
9.5
9.366666666666667
9.4
9.166666666666666
9.466666666666667
9.266666666666667
9.133333333333333
9.266666666666667
9.333333333333334
9.3
9.533333333333333
9.2
9.066666666666666
9.366666666666667
9.3
9.133333333333333
9.333333333333334
9.333333333333334
9.4
9.366666666666667
9.2
9.4
9.5
9.233333333333333
9.3
9.2
8.9
9.5
9.3
9.466666666666667
9.3
9.066666666666666
9.266666666666667
9.3
9.166666666666666
9.466666666666667
9.366666666666667
9.233333333333333
9.3
9.266666666666667
9.233333333333333
9.033333333333333
9.366666666666667
9.166666666666666
9.266666666666667
9.2
9.133333333333333
9.2
9.333333333333334
9.033333333333333
9.166666666666666
9.1
9.3
9.333333333333334
9.433333333333334
9.233333333333333
9.5
9.166666666666666
9.366666666666667
9.333333333333334
9.433333333333334
9.466666666666667
9.333333333333334
9.266666666666667
9.633333333333333
9.3
9.333333333333334
9.0
9.3
9.3
9.1
9.3
9.3
9.266666666666667
9.2
9.1
9.333333333333334
9.3
9.4
9.233333333333333
9.233333333333333
9.333333333333334
9.166666666666666
9.4
9.2
9.166666666666666
9.233333333333333
9.433333333333334
9.2
9.266666666666667
9.1
9.233333333333333
9.333333333333334
9.0
9.2
9.6
9.2
9.2
9.4
9.233333333333333
9.066666666666666
9.333333333333334
9.4
9.3
9.266666666666667
9.466666666666667
9.3
9.4
9.3
9.166666666666666
9.266666666666667
9.233333333333333
9.366666666666667
9.533333333333333
9.166666666666666
9.133333333333333
9.1
9.233333333333333
9.433333333333334
9.3
9.366666666666667
9.333333333333334
9.4
9.466666666666667
9.066666666666666
9.566666666666666
9.5
9.4
9.033333333333333
9.0
9.666666666666666
9.333333333333334
9.233333333333333
9.166666666666666
9.033333333333333
9.4
9.333333333333334
9.4
9.5
9.366666666666667
9.133333333333333
9.1
9.1
9.6
9.266666666666667
9.366666666666667
9.266666666666667
9.0
9.3
9.233333333333333
9.233333333333333
9.333333333333334
9.266666666666667
9.4
9.433333333333334
9.266666666666667
9.166666666666666
9.333333333333334
9.2
9.333333333333334
9.333333333333334
9.133333333333333
9.633333333333333
9.366666666666667
9.333333333333334
9.2
9.466666666666667
9.3
9.433333333333334
9.1
9.1
9.433333333333334
9.066666666666666
9.266666666666667
9.366666666666667
9.166666666666666
43.766666666666666
33.1
44.46666666666667
25.066666666666666
41.8
35.4
42.3
45.5
34.93333333333333
32.63333333333333
34.46666666666667
38.36666666666667
39.36666666666667
45.46666666666667
40.9
36.0
39.03333333333333
24.5
38.03333333333333
35.233333333333334
39.03333333333333
37.766666666666666
35.333333333333336
39.46666666666667
40.1
32.93333333333333
35.9
43.3
38.03333333333333
33.36666666666667
40.93333333333333
36.233333333333334
38.2
37.06666666666667
41.333333333333336
37.2
36.96666666666667
40.166666666666664
36.233333333333334
40.7
38.266666666666666
37.9
33.63333333333333
32.3
34.766666666666666
41.4
36.666666666666664
39.93333333333333
40.6
32.96666666666667
27.6
38.13333333333333
43.833333333333336
39.13333333333333
33.333333333333336
31.633333333333333
39.4
36.833333333333336
36.1
42.766666666666666
39.2
32.8
37.56666666666667
38.6
31.1
34.666666666666664
37.86666666666667
35.0
40.36666666666667
39.733333333333334
42.13333333333333
39.86666666666667
40.06666666666667
34.56666666666667
33.63333333333333
35.833333333333336
34.733333333333334
41.666666666666664
32.666666666666664
35.56666666666667
41.2
32.666666666666664
30.7
36.0
28.966666666666665
34.166666666666664
39.93333333333333
31.2
39.5
42.266666666666666
30.466666666666665
28.833333333333332
31.566666666666666
31.166666666666668
38.3
36.03333333333333
38.36666666666667
39.666666666666664
38.733333333333334
35.666666666666664
35.3
30.066666666666666
32.63333333333333
42.56666666666667
34.1
35.166666666666664
32.13333333333333
45.93333333333333
31.933333333333334
38.766666666666666
42.666666666666664
41.766666666666666
38.8
32.63333333333333
34.166666666666664
40.43333333333333
29.966666666666665
33.4
37.9
35.96666666666667
45.7
34.333333333333336
38.46666666666667
33.5
35.266666666666666
36.833333333333336
35.9
35.63333333333333
35.766666666666666
38.13333333333333
42.266666666666666
38.666666666666664
39.36666666666667
42.5
41.9
31.4
36.7
34.36666666666667
30.833333333333332
33.8
37.333333333333336
37.4
39.86666666666667
34.43333333333333
46.3
34.93333333333333
29.666666666666668
31.033333333333335
31.666666666666668
35.7
43.06666666666667
33.56666666666667
41.46666666666667
31.166666666666668
35.53333333333333
37.93333333333333
42.333333333333336
38.0
34.56666666666667
32.93333333333333
32.333333333333336
38.3
32.03333333333333
38.233333333333334
37.4
30.266666666666666
39.266666666666666
38.36666666666667
42.7
36.3
35.3
34.5
29.8
33.06666666666667
35.03333333333333
36.56666666666667
36.833333333333336
35.266666666666666
38.166666666666664
36.7
34.6
32.06666666666667
38.5
36.06666666666667
30.866666666666667
33.0
44.86666666666667
30.733333333333334
32.166666666666664
38.8
34.333333333333336
31.633333333333333
36.0
32.233333333333334
36.666666666666664
37.43333333333333
39.06666666666667
32.9
33.166666666666664
37.0
9.233333333333333
9.433333333333334
9.4
9.433333333333334
9.366666666666667
9.5
9.7
10.966666666666667
11.133333333333333
16.7
22.466666666666665
58.06666666666667
79.83333333333333
121.23333333333333
144.7
200.0
200.0
197.1
196.5
199.46666666666667
189.4
166.5
200.0
183.4
199.83333333333334
177.1
158.96666666666667
200.0
200.0
200.0
138.2
161.93333333333334
200.0
114.2
142.53333333333333
10.566666666666666
120.8
199.93333333333334
147.53333333333333
19.233333333333334
199.7
194.73333333333332
132.6
191.33333333333334
120.56666666666666
47.06666666666667
125.56666666666666
124.13333333333334
123.06666666666666
182.0
200.0
118.73333333333333
100.53333333333333
171.3
119.73333333333333
118.53333333333333
200.0
151.06666666666666
133.56666666666666
159.6
155.6
185.63333333333333
200.0
200.0
200.0
200.0
200.0
200.0
200.0
200.0
187.76666666666668
200.0
200.0
200.0
200.0
200.0
200.0
200.0
200.0
200.0
200.0
200.0
193.53333333333333
200.0
200.0
200.0
200.0
200.0
200.0
200.0
200.0
200.0
200.0
200.0
200.0
200.0
200.0
200.0
200.0
200.0
200.0
200.0
174.96666666666667
200.0
200.0
200.0
200.0
200.0
200.0
200.0
200.0
200.0
200.0
200.0
200.0
200.0
200.0
200.0
200.0
200.0
196.63333333333333
200.0
200.0
200.0
200.0
200.0
200.0
200.0
200.0
185.93333333333334
200.0
200.0
200.0
200.0
200.0
200.0
158.16666666666666
200.0
200.0
200.0
199.96666666666667
146.83333333333334
200.0
200.0
200.0
200.0
200.0
200.0
200.0
193.8
200.0
200.0
200.0
200.0
200.0
200.0
200.0
200.0
200.0
200.0
200.0
200.0
200.0
200.0
200.0
200.0
200.0
200.0
200.0
200.0
200.0
200.0
200.0
200.0
200.0
200.0
200.0
200.0
200.0
200.0
200.0
200.0
200.0
200.0
200.0
200.0
200.0
200.0
200.0
200.0
200.0
200.0
200.0
200.0
200.0
200.0
200.0
200.0
200.0
200.0
200.0
200.0
107.1
104.6
109.4
104.26666666666667
99.93333333333334
103.86666666666666
101.43333333333334
102.26666666666667
101.6
100.63333333333334
97.46666666666667
108.4
106.93333333333334
100.2
93.76666666666667
104.56666666666666
109.96666666666667
100.7
99.56666666666666
107.26666666666667
94.46666666666667
101.86666666666666
99.46666666666667
96.13333333333334
96.1
112.26666666666667
101.16666666666667
92.76666666666667
100.93333333333334
102.66666666666667
99.46666666666667
92.53333333333333
92.23333333333333
106.73333333333333
92.5
96.66666666666667
101.56666666666666
101.0
100.7
104.26666666666667
96.73333333333333
99.16666666666667
101.16666666666667
87.9
103.66666666666667
100.76666666666667
99.76666666666667
101.23333333333333
91.86666666666666
91.36666666666666
97.56666666666666
98.53333333333333
104.66666666666667
104.03333333333333
103.5
98.86666666666666
86.6
92.56666666666666
103.23333333333333
95.1
105.63333333333334
95.83333333333333
103.8
94.63333333333334
95.86666666666666
97.5
85.7
90.6
102.93333333333334
104.3
101.9
103.3
99.83333333333333
101.66666666666667
96.06666666666666
97.76666666666667
104.83333333333333
92.13333333333334
107.5
100.6
110.46666666666667
99.9
101.03333333333333
98.2
95.36666666666666
98.53333333333333
108.23333333333333
91.83333333333333
100.9
104.2
106.66666666666667
96.3
100.66666666666667
99.6
98.43333333333334
9.266666666666667
9.233333333333333
9.233333333333333
11.733333333333333
12.633333333333333
12.8
11.7
22.7
23.666666666666668
45.733333333333334
89.56666666666666
156.66666666666666
113.83333333333333
188.8
175.73333333333332
184.2
199.2
199.4
199.56666666666666
200.0
200.0
199.0
188.66666666666666
200.0
200.0
200.0
200.0
200.0
200.0
200.0
198.73333333333332
192.53333333333333
134.13333333333333
152.93333333333334
13.566666666666666
163.96666666666667
128.93333333333334
16.033333333333335
150.26666666666668
13.3
108.4
108.86666666666666
198.06666666666666
144.9
148.46666666666667
137.9
117.0
146.0
151.9
171.2
191.76666666666668
158.4
198.23333333333332
157.7
177.26666666666668
134.33333333333334
142.9
108.2
194.5
122.16666666666667
133.63333333333333
127.9
200.0
167.7
200.0
200.0
200.0
200.0
200.0
200.0
200.0
200.0
200.0
200.0
200.0
200.0
200.0
200.0
200.0
200.0
200.0
200.0
200.0
200.0
200.0
200.0
118.86666666666666
200.0
200.0
200.0
200.0
200.0
200.0
200.0
200.0
200.0
200.0
200.0
200.0
200.0
200.0
200.0
200.0
200.0
200.0
200.0
200.0
200.0
200.0
200.0
200.0
200.0
200.0
200.0
187.6
200.0
200.0
200.0
200.0
200.0
200.0
200.0
200.0
200.0
200.0
200.0
200.0
200.0
200.0
200.0
200.0
200.0
200.0
200.0
200.0
200.0
200.0
200.0
200.0
200.0
200.0
200.0
200.0
200.0
200.0
200.0
200.0
200.0
149.06666666666666
133.93333333333334
122.96666666666667
155.46666666666667
200.0
200.0
200.0
200.0
200.0
200.0
200.0
200.0
200.0
200.0
200.0
200.0
200.0
200.0
200.0
200.0
200.0
200.0
200.0
200.0
200.0
200.0
200.0
200.0
200.0
200.0
200.0
200.0
200.0
200.0
200.0
200.0
200.0
199.53333333333333
141.73333333333332
200.0
200.0
185.0
161.66666666666666
200.0
200.0
197.86666666666667
200.0
200.0
200.0
200.0
200.0
200.0
9.433333333333334
9.166666666666666
9.1
9.333333333333334
9.566666666666666
9.5
9.066666666666666
9.133333333333333
9.433333333333334
9.2
9.233333333333333
9.333333333333334
9.433333333333334
9.266666666666667
9.333333333333334
9.366666666666667
9.5
9.1
9.533333333333333
9.266666666666667
9.366666666666667
9.333333333333334
9.2
9.133333333333333
9.333333333333334
9.466666666666667
9.433333333333334
9.366666666666667
9.266666666666667
9.366666666666667
9.433333333333334
9.6
9.133333333333333
9.2
9.266666666666667
9.266666666666667
9.266666666666667
9.1
9.333333333333334
9.166666666666666
9.5
9.233333333333333
9.533333333333333
9.2
9.333333333333334
9.433333333333334
9.466666666666667
9.5
9.433333333333334
9.5
9.333333333333334
9.3
9.3
9.166666666666666
9.4
9.6
9.3
9.4
9.366666666666667
9.466666666666667
9.366666666666667
9.4
9.3
9.633333333333333
9.366666666666667
9.533333333333333
9.3
9.266666666666667
9.333333333333334
9.166666666666666
9.566666666666666
9.266666666666667
9.533333333333333
9.233333333333333
9.333333333333334
9.366666666666667
9.533333333333333
9.5
9.433333333333334
9.5
9.3
9.1
9.4
9.433333333333334
9.333333333333334
9.5
9.466666666666667
9.4
9.266666666666667
9.466666666666667
9.066666666666666
9.133333333333333
9.4
9.5
9.4
9.466666666666667
9.466666666666667
9.366666666666667
9.366666666666667
9.333333333333334
9.366666666666667
9.566666666666666
9.3
9.433333333333334
9.5
9.266666666666667
9.5
9.4
9.366666666666667
9.5
9.266666666666667
9.5
9.333333333333334
9.333333333333334
9.333333333333334
9.366666666666667
9.333333333333334
9.6
9.3
9.366666666666667
9.3
9.233333333333333
9.333333333333334
9.433333333333334
9.3
9.266666666666667
9.233333333333333
9.333333333333334
9.633333333333333
9.333333333333334
9.3
9.2
9.533333333333333
9.333333333333334
9.2
9.3
9.3
9.266666666666667
9.233333333333333
9.166666666666666
9.133333333333333
9.3
9.233333333333333
9.433333333333334
9.466666666666667
9.366666666666667
9.166666666666666
9.433333333333334
9.4
9.5
9.4
9.266666666666667
9.566666666666666
9.233333333333333
9.266666666666667
9.366666666666667
9.2
9.233333333333333
9.466666666666667
9.4
9.133333333333333
9.3
9.266666666666667
9.6
9.4
9.133333333333333
9.166666666666666
9.433333333333334
9.466666666666667
9.366666666666667
9.566666666666666
9.533333333333333
9.366666666666667
9.333333333333334
9.366666666666667
9.466666666666667
9.166666666666666
9.366666666666667
9.433333333333334
9.433333333333334
9.3
9.466666666666667
9.3
9.466666666666667
9.3
9.266666666666667
9.466666666666667
9.4
9.5
9.266666666666667
9.433333333333334
9.466666666666667
9.6
9.5
9.266666666666667
9.266666666666667
9.566666666666666
9.566666666666666
9.066666666666666
9.433333333333334
9.066666666666666
9.033333333333333
9.0
9.366666666666667
9.1
9.366666666666667
9.333333333333334
9.166666666666666
9.1
8.933333333333334
9.233333333333333
9.166666666666666
9.2
9.2
9.366666666666667
9.3
9.4
9.2
9.166666666666666
8.866666666666667
9.433333333333334
9.133333333333333
9.133333333333333
9.033333333333333
9.066666666666666
9.233333333333333
9.2
9.266666666666667
9.033333333333333
9.166666666666666
9.066666666666666
9.333333333333334
9.233333333333333
9.233333333333333
9.133333333333333
9.433333333333334
9.1
9.2
9.1
9.166666666666666
9.0
9.0
9.633333333333333
9.266666666666667
9.3
9.266666666666667
9.033333333333333
9.066666666666666
9.233333333333333
9.266666666666667
9.333333333333334
9.066666666666666
9.3
9.3
9.233333333333333
9.1
9.3
9.1
9.333333333333334
9.433333333333334
9.166666666666666
8.933333333333334
9.033333333333333
9.166666666666666
9.266666666666667
9.233333333333333
9.2
9.166666666666666
9.2
9.133333333333333
9.033333333333333
9.333333333333334
9.233333333333333
9.066666666666666
9.233333333333333
9.333333333333334
9.066666666666666
9.2
9.133333333333333
9.033333333333333
9.066666666666666
9.1
9.3
8.933333333333334
8.933333333333334
9.0
9.133333333333333
9.166666666666666
9.3
9.1
9.266666666666667
9.133333333333333
9.133333333333333
9.333333333333334
9.0
9.333333333333334
9.033333333333333
9.233333333333333
9.233333333333333
9.2
9.366666666666667
9.266666666666667
9.133333333333333
9.233333333333333
9.3
9.1
9.333333333333334
9.066666666666666
9.266666666666667
9.266666666666667
9.066666666666666
9.0
9.1
9.366666666666667
9.266666666666667
9.2
9.166666666666666
9.066666666666666
9.1
9.333333333333334
9.233333333333333
9.333333333333334
9.466666666666667
9.366666666666667
9.166666666666666
8.866666666666667
9.233333333333333
9.0
9.366666666666667
9.133333333333333
9.5
9.033333333333333
9.166666666666666
9.066666666666666
9.3
9.4
9.266666666666667
9.266666666666667
9.3
9.233333333333333
9.233333333333333
9.233333333333333
9.0
9.466666666666667
9.1
9.1
9.3
9.066666666666666
9.166666666666666
9.266666666666667
9.166666666666666
9.1
9.233333333333333
9.2
9.5
9.4
9.4
9.333333333333334
9.3
9.466666666666667
9.233333333333333
9.166666666666666
9.3
9.233333333333333
9.4
9.366666666666667
9.0
9.066666666666666
9.0
9.333333333333334
9.3
9.0
8.9
8.9
9.133333333333333
9.133333333333333
9.2
9.366666666666667
9.3
9.233333333333333
9.266666666666667
9.0
9.366666666666667
9.066666666666666
9.233333333333333
9.233333333333333
9.3
8.966666666666667
9.466666666666667
9.133333333333333
9.4
9.0
9.066666666666666
9.266666666666667
9.0
9.133333333333333
9.133333333333333
9.166666666666666
9.366666666666667
9.1
9.366666666666667
45.0
14.966666666666667
20.366666666666667
9.566666666666666
34.86666666666667
52.96666666666667
75.0
9.366666666666667
196.06666666666666
182.93333333333334
195.96666666666667
200.0
142.0
200.0
200.0
197.26666666666668
196.2
200.0
198.23333333333332
196.23333333333332
199.2
197.7
199.83333333333334
169.46666666666667
174.53333333333333
139.5
200.0
194.43333333333334
180.8
199.93333333333334
199.5
28.333333333333332
197.1
136.1
141.7
120.46666666666667
200.0
13.433333333333334
110.06666666666666
119.36666666666666
200.0
186.03333333333333
80.46666666666667
197.66666666666666
124.03333333333333
121.73333333333333
200.0
200.0
196.4
159.03333333333333
200.0
199.8
200.0
200.0
200.0
200.0
200.0
200.0
200.0
200.0
79.6
200.0
200.0
200.0
200.0
200.0
200.0
200.0
200.0
200.0
200.0
200.0
200.0
200.0
200.0
200.0
200.0
200.0
200.0
200.0
200.0
200.0
200.0
200.0
200.0
200.0
200.0
200.0
200.0
200.0
194.36666666666667
200.0
200.0
200.0
200.0
200.0
200.0
200.0
200.0
200.0
200.0
200.0
141.7
42.233333333333334
38.36666666666667
43.86666666666667
40.63333333333333
43.0
36.03333333333333
43.3
41.4
43.5
41.43333333333333
41.2
43.4
39.833333333333336
41.6
45.333333333333336
39.6
40.93333333333333
39.03333333333333
41.46666666666667
40.766666666666666
43.06666666666667
42.166666666666664
40.8
43.733333333333334
41.6
44.166666666666664
42.03333333333333
39.6
40.766666666666666
41.4
41.733333333333334
38.666666666666664
38.46666666666667
39.766666666666666
43.06666666666667
43.166666666666664
39.2
33.8
39.86666666666667
39.166666666666664
40.833333333333336
39.6
42.93333333333333
46.6
41.36666666666667
43.166666666666664
39.4
38.96666666666667
43.5
41.86666666666667
42.1
42.5
43.13333333333333
39.43333333333333
41.46666666666667
41.93333333333333
37.6
37.56666666666667
43.7
46.93333333333333
9.166666666666666
9.2
9.266666666666667
8.866666666666667
9.066666666666666
9.166666666666666
9.0
8.933333333333334
8.833333333333334
9.066666666666666
9.0
9.066666666666666
8.933333333333334
9.366666666666667
9.066666666666666
8.9
8.966666666666667
9.1
8.9
9.0
9.033333333333333
8.966666666666667
9.066666666666666
9.066666666666666
8.966666666666667
9.1
9.133333333333333
9.0
8.833333333333334
8.933333333333334
8.9
8.9
8.966666666666667
9.0
9.133333333333333
8.866666666666667
9.133333333333333
8.9
8.933333333333334
8.9
9.166666666666666
8.933333333333334
9.3
8.933333333333334
9.2
8.966666666666667
8.9
8.966666666666667
9.0
9.1
9.2
9.166666666666666
9.0
9.233333333333333
9.066666666666666
9.0
9.3
9.133333333333333
8.966666666666667
8.966666666666667
9.0
9.166666666666666
9.066666666666666
9.1
8.966666666666667
8.966666666666667
8.9
9.1
8.9
9.3
9.066666666666666
9.366666666666667
9.2
9.2
9.1
9.066666666666666
8.833333333333334
9.066666666666666
9.166666666666666
8.8
9.033333333333333
9.133333333333333
9.1
9.066666666666666
9.133333333333333
9.066666666666666
9.033333333333333
9.1
8.966666666666667
9.1
9.4
9.166666666666666
9.1
9.0
8.833333333333334
8.966666666666667
9.0
9.0
9.133333333333333
8.8
9.3
9.1
9.033333333333333
8.766666666666667
9.0
9.233333333333333
9.033333333333333
9.166666666666666
8.933333333333334
9.0
8.9
9.266666666666667
8.8
9.066666666666666
9.133333333333333
9.166666666666666
9.133333333333333
9.033333333333333
8.966666666666667
9.066666666666666
9.1
9.033333333333333
9.2
9.033333333333333
8.933333333333334
9.033333333333333
9.033333333333333
9.1
9.033333333333333
9.066666666666666
8.933333333333334
9.1
9.2
9.1
9.3
9.2
9.266666666666667
9.2
9.066666666666666
9.233333333333333
8.833333333333334
9.266666666666667
9.166666666666666
9.1
8.966666666666667
9.266666666666667
9.0
8.833333333333334
8.9
9.1
8.833333333333334
8.866666666666667
9.133333333333333
8.966666666666667
9.066666666666666
9.1
9.133333333333333
9.166666666666666
9.2
9.1
9.2
8.866666666666667
9.233333333333333
9.033333333333333
8.9
9.033333333333333
9.066666666666666
9.166666666666666
9.0
9.166666666666666
9.066666666666666
8.933333333333334
9.4
9.0
8.766666666666667
9.066666666666666
9.033333333333333
9.1
9.066666666666666
9.033333333333333
9.133333333333333
9.066666666666666
8.833333333333334
9.166666666666666
9.033333333333333
9.266666666666667
8.933333333333334
9.2
9.066666666666666
9.333333333333334
9.033333333333333
9.033333333333333
9.133333333333333
8.966666666666667
8.766666666666667
9.2
8.9
9.1
9.3
9.066666666666666
32.7
24.433333333333334
25.833333333333332
28.266666666666666
30.333333333333332
30.066666666666666
29.833333333333332
24.866666666666667
22.766666666666666
21.4
29.0
26.933333333333334
24.7
24.733333333333334
25.466666666666665
23.9
29.366666666666667
26.166666666666668
26.8
26.733333333333334
26.666666666666668
25.033333333333335
29.1
26.366666666666667
22.033333333333335
26.633333333333333
26.0
24.933333333333334
25.2
28.233333333333334
25.1
25.6
26.6
27.4
24.633333333333333
23.8
23.5
23.833333333333332
23.8
25.066666666666666
26.133333333333333
30.8
30.4
24.233333333333334
27.2
23.333333333333332
25.4
28.8
24.733333333333334
27.766666666666666
24.7
27.1
26.533333333333335
23.366666666666667
23.8
23.333333333333332
26.133333333333333
26.3
25.5
26.6
25.866666666666667
25.1
24.8
22.666666666666668
28.9
24.033333333333335
22.133333333333333
23.566666666666666
29.0
26.266666666666666
23.866666666666667
22.8
31.866666666666667
25.933333333333334
24.033333333333335
29.1
26.0
28.533333333333335
28.966666666666665
28.433333333333334
27.2
25.633333333333333
26.166666666666668
31.766666666666666
26.733333333333334
26.833333333333332
23.033333333333335
21.966666666666665
34.266666666666666
29.466666666666665
24.533333333333335
26.166666666666668
23.466666666666665
24.733333333333334
25.3
24.0
32.13333333333333
27.0
26.4
21.366666666666667
30.366666666666667
24.233333333333334
27.466666666666665
24.833333333333332
22.333333333333332
23.566666666666666
26.8
23.766666666666666
31.4
28.5
22.433333333333334
24.433333333333334
27.966666666666665
26.266666666666666
22.9
25.433333333333334
22.833333333333332
22.066666666666666
22.933333333333334
27.566666666666666
25.466666666666665
27.733333333333334
25.5
23.1
25.266666666666666
25.2
27.133333333333333
26.8
24.866666666666667
30.333333333333332
22.1
25.133333333333333
24.433333333333334
27.2
27.133333333333333
22.4
26.533333333333335
25.133333333333333
28.8
26.6
25.5
26.166666666666668
28.1
27.533333333333335
22.1
29.266666666666666
26.633333333333333
30.566666666666666
25.033333333333335
28.633333333333333
26.633333333333333
25.033333333333335
25.1
26.766666666666666
28.3
30.266666666666666
26.433333333333334
24.266666666666666
28.866666666666667
28.533333333333335
24.1
24.0
24.233333333333334
26.666666666666668
25.566666666666666
20.7
21.733333333333334
24.666666666666668
27.5
31.033333333333335
26.966666666666665
27.866666666666667
27.433333333333334
24.766666666666666
29.166666666666668
28.133333333333333
27.266666666666666
33.333333333333336
23.933333333333334
31.666666666666668
25.4
24.933333333333334
26.7
26.7
21.733333333333334
22.366666666666667
25.866666666666667
23.033333333333335
28.033333333333335
24.466666666666665
29.0
24.6
21.033333333333335
27.233333333333334
29.133333333333333
24.166666666666668
25.966666666666665
23.633333333333333
24.3
27.5
9.366666666666667
9.433333333333334
9.9
158.76666666666668
40.333333333333336
53.166666666666664
98.66666666666667
134.73333333333332
197.96666666666667
200.0
152.16666666666666
195.53333333333333
198.5
199.2
200.0
192.5
200.0
198.36666666666667
199.93333333333334
200.0
199.7
197.3
200.0
198.26666666666668
200.0
199.93333333333334
199.46666666666667
199.96666666666667
196.13333333333333
200.0
147.6
189.13333333333333
123.13333333333334
18.933333333333334
184.9
18.866666666666667
182.9
21.1
107.23333333333333
69.13333333333334
127.06666666666666
117.8
14.966666666666667
127.86666666666666
144.73333333333332
14.933333333333334
140.36666666666667
119.5
191.2
198.06666666666666
43.3
191.86666666666667
116.46666666666667
102.5
72.56666666666666
125.7
121.2
36.6
9.2
9.766666666666667
49.0
11.6
36.63333333333333
32.3
84.33333333333333
112.03333333333333
200.0
157.9
200.0
94.8
164.73333333333332
174.66666666666666
191.33333333333334
194.56666666666666
194.8
200.0
198.0
199.86666666666667
173.26666666666668
198.73333333333332
200.0
200.0
199.53333333333333
199.7
200.0
199.63333333333333
200.0
193.16666666666666
193.46666666666667
194.7
130.1
135.3
107.66666666666667
178.1
28.333333333333332
161.86666666666667
115.83333333333333
138.23333333333332
139.73333333333332
146.26666666666668
118.1
156.8
172.56666666666666
111.7
107.63333333333334
200.0
24.366666666666667
101.33333333333333
200.0
114.46666666666667
102.86666666666666
112.06666666666666
57.13333333333333
200.0
85.83333333333333
104.6
85.5
200.0
103.7
117.13333333333334
100.06666666666666
107.9
180.6
94.76666666666667
140.76666666666668
110.26666666666667
108.33333333333333
188.23333333333332
94.26666666666667
103.36666666666666
107.5
111.86666666666666
189.86666666666667
200.0
200.0
200.0
200.0
200.0
200.0
200.0
200.0
11.833333333333334
200.0
200.0
200.0
200.0
200.0
200.0
200.0
200.0
200.0
200.0
200.0
200.0
200.0
200.0
200.0
200.0
200.0
200.0
200.0
9.366666666666667
9.333333333333334
9.266666666666667
9.366666666666667
9.2
9.266666666666667
9.133333333333333
9.4
9.6
9.333333333333334
9.266666666666667
9.266666666666667
9.533333333333333
9.2
9.333333333333334
9.133333333333333
9.5
9.4
9.366666666666667
9.3
9.433333333333334
24.933333333333334
9.533333333333333
9.266666666666667
9.333333333333334
31.366666666666667
72.33333333333333
55.56666666666667
22.266666666666666
87.76666666666667
142.46666666666667
200.0
106.36666666666666
133.26666666666668
127.26666666666667
113.8
200.0
94.66666666666667
9.533333333333333
67.13333333333334
9.7
200.0
200.0
13.333333333333334
200.0
9.3
9.333333333333334
200.0
198.43333333333334
200.0
76.9
200.0
200.0
200.0
200.0
67.1
57.266666666666666
200.0
180.13333333333333
101.76666666666667
67.8
75.46666666666667
27.3
200.0
200.0
199.83333333333334
200.0
200.0
200.0
58.06666666666667
58.666666666666664
52.46666666666667
79.23333333333333
68.13333333333334
65.5
61.43333333333333
53.0
56.0
76.3
86.36666666666666
9.333333333333334
83.83333333333333
60.4
93.6
68.26666666666667
104.23333333333333
69.23333333333333
79.56666666666666
94.7
92.6
100.46666666666667
99.33333333333333
96.93333333333334
70.66666666666667
99.23333333333333
99.93333333333334
9.4
62.166666666666664
97.66666666666667
47.93333333333333
97.66666666666667
85.73333333333333
63.43333333333333
31.433333333333334
16.466666666666665
106.36666666666666
105.6
96.06666666666666
29.766666666666666
86.66666666666667
69.13333333333334
109.73333333333333
150.33333333333334
81.5
9.266666666666667
130.63333333333333
128.53333333333333
90.33333333333333
172.76666666666668
99.53333333333333
80.86666666666666
70.56666666666666
123.83333333333333
200.0
200.0
9.466666666666667
200.0
74.4
200.0
200.0
200.0
200.0
200.0
200.0
64.2
100.23333333333333
200.0
54.766666666666666
102.1
189.33333333333334
136.0
200.0
200.0
16.166666666666668
144.03333333333333
197.66666666666666
35.833333333333336
165.4
199.73333333333332
200.0
120.8
9.5
200.0
200.0
200.0
9.366666666666667
200.0
200.0
200.0
200.0
9.3
180.13333333333333
200.0
200.0
15.366666666666667
200.0
200.0
200.0
200.0
200.0
200.0
200.0
200.0
200.0
200.0
200.0
200.0
200.0
200.0
23.466666666666665
41.93333333333333
29.8
41.0
34.56666666666667
47.833333333333336
32.166666666666664
50.1
116.86666666666666
200.0
127.33333333333333
18.0
33.46666666666667
110.9
107.6
119.43333333333334
9.433333333333334
9.4
32.666666666666664
9.466666666666667
9.5
9.6
9.533333333333333
9.533333333333333
9.2
9.3
9.433333333333334
9.5
9.566666666666666
9.6
9.233333333333333
9.1
9.3
106.63333333333334
83.23333333333333
129.83333333333334
107.86666666666666
124.43333333333334
17.366666666666667
13.866666666666667
65.76666666666667
158.56666666666666
89.53333333333333
126.63333333333334
96.6
88.76666666666667
159.83333333333334
198.86666666666667
68.43333333333334
29.6
99.0
14.633333333333333
124.83333333333333
85.93333333333334
136.06666666666666
92.16666666666667
63.3
65.63333333333334
71.36666666666666
24.466666666666665
58.166666666666664
62.7
48.266666666666666
28.033333333333335
33.7
9.7
200.0
23.533333333333335
200.0
200.0
200.0
200.0
200.0
174.76666666666668
194.23333333333332
200.0
200.0
